9.054607179632473193e-16
1.725319829737766690e-15
3.287529161488350329e-15
6.264257676374708630e-15
1.193629692953173382e-14
2.274414491716802202e-14
4.333807470332719217e-14
8.257899893934656482e-14
1.573510386076534801e-13
2.998262229976024691e-13
5.713070901372194615e-13
1.088603218150359756e-12
2.074290669633889157e-12
3.952479388625054679e-12
7.531294213584413507e-12
1.435058527940904093e-11
2.734447652969557257e-11
5.210382588060272590e-11
9.928179347108552362e-11
1.891775574680936163e-10
3.604704044756858736e-10
6.868621957167443501e-10
1.308788932592240499e-09
2.493845899159554680e-09
4.751925397502277197e-09
