1.000000000000000078e-15
1.905460717963247397e-15
3.630780547701014088e-15
6.918309709189364416e-15
1.318256738556407305e-14
2.511886431509580687e-14
4.786300923226382889e-14
9.120108393559102106e-14
1.737800828749375859e-13
3.311311214825910660e-13
6.309573444801935351e-13
1.202264434617412997e-12
2.290867652767772753e-12
4.365158322401661910e-12
8.317637711026716588e-12
1.584893192461113010e-11
3.019951720402017103e-11
5.754399373371574360e-11
1.096478196143184695e-10
2.089296130854039931e-10
3.981071705534976094e-10
7.585775750291834830e-10
1.445439770745927833e-09
2.754228703338168332e-09
5.248074602497723012e-09
1.000000000000000021e-08
