1.380384264602885034e-15
2.630267991895382300e-15
5.011872336272723238e-15
9.549925860214360437e-15
1.819700858609983825e-14
3.467368504525316804e-14
6.606934480075961072e-14
1.258925411794167799e-13
2.398832919019490795e-13
4.570881896148751368e-13
8.709635899560807979e-13
1.659586907437560578e-12
3.162277660168379797e-12
6.025595860743581456e-12
1.148153621496883020e-11
2.187761623949552525e-11
4.168693834703356749e-11
7.943282347242817873e-11
1.513561248436207947e-10
2.884031503126607554e-10
5.495408738576247136e-10
1.047128548050899469e-09
1.995262314968880295e-09
3.801893963205612578e-09
7.244359600749898648e-09
