1.062166996939390984e+00
1.198335456344086225e+00
1.351960539227081926e+00
1.525280162537687501e+00
1.720819141334588798e+00
1.941425968758932141e+00
2.190314311153227500e+00
2.471109822801769162e+00
2.787902962261294082e+00
3.145308579678127270e+00
3.548533143123661748e+00
4.003450583260639739e+00
4.516687861199276455e+00
5.095721506043815019e+00
5.748986528429887777e+00
6.485999296638985001e+00
7.317496165274664399e+00
8.255589875958909474e+00
9.313946008399039300e+00
1.050798205225719606e+01
1.185509199978053552e+01
1.337489973092128714e+01
1.508954488210719624e+01
1.702400536302513601e+01
1.920646121964659159e+01
2.166870514403067460e+01
2.444660561096225493e+01
2.758062938811870168e+01
3.111643103137600264e+01
3.510551795266422204e+01
3.960600074867687681e+01
4.468343972076751669e+01
5.041179991762144397e+01
5.687452861318451625e+01
6.416577091589323345e+01
7.239174121746373203e+01
8.167227045967281640e+01
9.214255175877426041e+01
1.039551098167475374e+02
1.172820228085660403e+02
1.323174291125899913e+02
1.492803554006108016e+02
1.684179072854453807e+02
1.900088690054982408e+02
2.143677645843105211e+02
2.418494396256031109e+02
2.728542304886224201e+02
3.078337961451981073e+02
3.472976976734645973e+02
3.918208212343181458e+02
4.420517526640244341e+02
4.987222256789568178e+02
5.626577813281777480e+02
6.347897939742962308e+02
7.161690389897918294e+02
8.079809998147671877e+02
9.115631373600551797e+02
1.028424373325863826e+03
1.160267071257112775e+03
1.309011835542134349e+03
1.476825489611500871e+03
1.666152640906390388e+03
1.879751292435791811e+03
2.120733019690090714e+03
2.392608298183934949e+03
2.699337641932492716e+03
3.045389297815399914e+03
3.435804336284847068e+03
3.876270086619746962e+03
4.373202986486179725e+03
4.933842052706211689e+03
5.566354334860502604e+03
6.279953887908799516e+03
7.085035996949194669e+03
7.993328609420970679e+03
9.018063180723451296e+03
1.017416742202609021e+04
1.147848275810293126e+04
1.295000966298512321e+04
1.461018444733235447e+04
1.648319152959364510e+04
1.859631573993412894e+04
2.098033978907768687e+04
2.366999269215009917e+04
2.670445567988910625e+04
3.012793296702887528e+04
3.399029569246605388e+04
3.834780841173693625e+04
4.326394872490710259e+04
4.881033197971509071e+04
5.506775452048415900e+04
6.212737068021891901e+04
7.009202066159334208e+04
7.907772865059404285e+04
8.921539298642944777e+04
1.006526930090733949e+05
1.135562403622409911e+05
1.281140060906728322e+05
1.445380588882067823e+05
1.630676543857736397e+05
1.839727204821881605e+05
2.075577894899194071e+05
2.341664343769522675e+05
2.641862737292191014e+05
2.980546183428557706e+05
3.362648417024100199e+05
3.793735671462619212e+05
4.280087764175192569e+05
4.828789577208344708e+05
5.447834265484823845e+05
6.146239696232271381e+05
6.934179815798692871e+05
7.823132857526752632e+05
8.826048549689273350e+05
9.957536759269571630e+05
1.123408031963471323e+06
1.267427514244613238e+06
1.429910111161206616e+06
1.613222770550046815e+06
1.820035879953133175e+06
2.053362167202320416e+06
2.316600588009496685e+06
2.613585839890057687e+06
2.948644223708457779e+06
3.326656666602920275e+06
3.753129824369021226e+06
4.234276299078501761e+06
4.777105140494890511e+06
5.389523949655610137e+06
6.080454072003582492e+06
6.859960558131939732e+06
7.739398785331067629e+06
8.731579875831695274e+06
9.850957321456553414e+06
1.111383753331525810e+07
1.253861738370254077e+07
1.414605220056602359e+07
1.595955811852420308e+07
1.800555319090086594e+07
2.031384223188880086e+07
2.291805099498989433e+07
2.585611601257967204e+07
2.917083723228158057e+07
3.291050150062220544e+07
3.712958597649897635e+07
4.188955172136060148e+07
4.725973902664028853e+07
5.331837752102835476e+07
6.015372577221360803e+07
6.786535698412014544e+07
7.656560951889611781e+07
8.638122337397851050e+07
9.745518645343829691e+07
1.099488175289660990e+08
1.240441162338095605e+08
1.399464143229476511e+08
1.578873668214504123e+08
1.781283266342581511e+08
2.009641517766461074e+08
2.267275006867975295e+08
2.557936781919905841e+08
2.885861027214934826e+08
3.255824744092053771e+08
3.673217339392201304e+08
4.144119135065476298e+08
4.675389942610237598e+08
5.274768992642772198e+08
5.950987675310811996e+08
6.713896733884809017e+08
7.574609764406013489e+08
8.545665111807081699e+08
9.641208520909653902e+08
1.087719920304774761e+09
1.227164232017041683e+09
1.384485127311100245e+09
1.561974361487921000e+09
1.762217489966125011e+09
1.988131533083761692e+09
2.243007469479814529e+09
2.530558177073225498e+09
2.854972520014514923e+09
3.220976369515875340e+09
3.633901447474150658e+09
4.099762995758806229e+09
4.625347402603928566e+09
5.218311062592344284e+09
5.887291910364084244e+09
6.642035252804554939e+09
7.493535732759373665e+09
8.454197492317040443e+09
9.538014868820915222e+09
1.076077625588040161e+10
1.214029409910470009e+10
1.369666437699738503e+10
1.545255934697198677e+10
1.743355782103478622e+10
1.966851778239050674e+10
2.218999677102339554e+10
2.503472616217565536e+10
2.824414624672418213e+10
